185 process_185 128 256 1388 32 1755609843 -1
667 process_667 128 256 1369 16 1755609851 -1
669 process_669 128 256 1661 16 1755609851 -1
190 process_190 128 256 1301 32 1755609843 -1
672 process_672 128 256 1359 16 1755609851 -1
673 process_673 128 512 1840 16 1755609851 -1
674 process_674 128 256 1071 16 1755609851 -1
193 process_193 128 256 1906 32 1755609843 -1
194 process_194 128 512 1365 32 1755609843 -1
675 process_675 128 256 1990 16 1755609851 -1
677 process_677 128 512 1689 16 1755609851 -1
678 process_678 128 512 1847 16 1755609851 -1
681 process_681 128 512 1084 16 1755609851 -1
685 process_685 128 256 1335 16 1755609851 -1
196 process_196 128 256 1137 32 1755609843 -1
689 process_689 128 256 1286 16 1755609851 -1
197 process_197 128 512 1926 32 1755609843 -1
690 process_690 128 256 1187 16 1755609851 -1
691 process_691 128 512 1430 16 1755609851 -1
692 process_692 128 256 1536 16 1755609851 -1
693 process_693 128 512 1618 16 1755609851 -1
200 process_200 128 256 1344 32 1755609843 -1
694 process_694 128 512 1707 16 1755609851 -1
201 process_201 128 256 1830 32 1755609843 -1
695 process_695 128 256 1556 16 1755609851 -1
696 process_696 128 256 1925 16 1755609851 -1
697 process_697 128 256 1412 16 1755609851 -1
699 process_699 128 256 1684 16 1755609851 -1
700 process_700 128 256 1736 16 1755609851 -1
11 process_11 128 256 1910 64 1755609840 -1
701 process_701 128 256 1712 16 1755609851 -1
704 process_704 128 256 1239 16 1755609851 -1
705 process_705 128 512 1059 16 1755609851 -1
203 process_203 128 256 1498 32 1755609843 -1
708 process_708 128 256 1593 16 1755609852 -1
206 process_206 128 512 1452 32 1755609843 -1
709 process_709 128 512 1827 16 1755609852 -1
712 process_712 128 256 1806 16 1755609852 -1
713 process_713 128 256 1679 16 1755609852 -1
208 process_208 128 256 1708 32 1755609844 -1
715 process_715 128 512 1136 16 1755609852 -1
717 process_717 128 256 1806 16 1755609852 -1
720 process_720 128 256 1233 16 1755609852 -1
722 process_722 128 256 1973 16 1755609852 -1
726 process_726 128 512 1449 16 1755609852 -1
209 process_209 128 256 1402 32 1755609844 -1
727 process_727 128 256 1653 16 1755609852 -1
729 process_729 128 256 1223 16 1755609852 -1
730 process_730 128 256 1370 16 1755609852 -1
732 process_732 128 256 1622 16 1755609852 -1
733 process_733 128 512 1753 16 1755609852 -1
211 process_211 128 512 1231 32 1755609844 -1
735 process_735 128 256 1120 16 1755609852 -1
740 process_740 128 1024 1557 16 1755609852 -1
213 process_213 128 256 1042 32 1755609844 -1
742 process_742 128 256 1988 16 1755609852 -1
214 process_214 128 256 1997 32 1755609844 -1
744 process_744 128 512 1495 16 1755609852 -1
745 process_745 128 256 1173 16 1755609852 -1
748 process_748 128 512 1370 16 1755609852 -1
749 process_749 128 256 1502 16 1755609852 -1
751 process_751 128 512 1781 16 1755609852 -1
215 process_215 128 256 1549 32 1755609844 -1
752 process_752 128 512 1156 16 1755609852 -1
755 process_755 128 512 1812 16 1755609852 -1
756 process_756 128 512 1945 16 1755609852 -1
757 process_757 128 512 1727 16 1755609852 -1
758 process_758 128 256 1470 16 1755609852 -1
217 process_217 128 512 1202 32 1755609844 -1
55 process_55 128 256 1027 48 1755609841 -1
760 process_760 128 256 1937 16 1755609852 -1
761 process_761 128 512 1116 16 1755609852 -1
763 process_763 128 512 1221 16 1755609852 -1
218 process_218 128 256 1819 32 1755609844 -1
764 process_764 128 256 1359 16 1755609852 -1
767 process_767 128 256 1425 16 1755609852 -1
769 process_769 128 512 1592 16 1755609852 -1
13 process_13 128 256 1769 64 1755609841 -1
221 process_221 128 256 1356 32 1755609844 -1
770 process_770 128 512 1130 16 1755609852 -1
223 process_223 128 256 1834 32 1755609844 -1
772 process_772 128 256 1431 16 1755609853 -1
776 process_776 128 256 1629 16 1755609853 -1
777 process_777 128 512 1941 16 1755609853 -1
778 process_778 128 256 1696 16 1755609853 -1
779 process_779 128 256 1386 16 1755609853 -1
225 process_225 128 256 1870 32 1755609844 -1
780 process_780 128 512 1610 16 1755609853 -1
783 process_783 128 256 1717 16 1755609853 -1
786 process_786 128 512 1729 16 1755609853 -1
787 process_787 128 256 1529 16 1755609853 -1
230 process_230 128 256 1009 32 1755609844 -1
788 process_788 128 256 1243 16 1755609853 -1
790 process_790 128 512 1491 16 1755609853 -1
794 process_794 128 256 1754 16 1755609853 -1
232 process_232 128 512 1162 32 1755609844 -1
795 process_795 128 256 1719 16 1755609853 -1
796 process_796 128 512 1795 16 1755609853 -1
797 process_797 128 256 1779 16 1755609853 -1
799 process_799 128 256 1039 16 1755609853 -1
802 process_802 128 256 1717 16 1755609853 -1
804 process_804 128 256 1781 16 1755609853 -1
234 process_234 128 256 1029 32 1755609844 -1
807 process_807 128 512 1964 16 1755609853 -1
62 process_62 128 256 1286 48 1755609841 -1
809 process_809 128 512 1916 16 1755609853 -1
811 process_811 128 512 1784 16 1755609853 -1
236 process_236 128 256 1883 32 1755609844 -1
813 process_813 128 1024 1542 16 1755609853 -1
817 process_817 128 512 1628 16 1755609853 -1
818 process_818 128 256 1088 16 1755609853 -1
819 process_819 128 256 1112 16 1755609853 -1
821 process_821 128 256 1542 16 1755609853 -1
823 process_823 128 256 1579 16 1755609853 -1
238 process_238 128 512 1635 32 1755609844 -1
825 process_825 128 512 1671 16 1755609853 -1
827 process_827 128 256 1146 16 1755609853 -1
240 process_240 128 512 1598 32 1755609844 -1
828 process_828 128 512 1767 16 1755609853 -1
242 process_242 128 512 1061 32 1755609844 -1
830 process_830 128 512 1566 16 1755609853 -1
832 process_832 128 256 1869 16 1755609853 -1
834 process_834 128 512 1844 16 1755609853 -1
837 process_837 128 512 1400 16 1755609854 -1
245 process_245 128 512 1940 32 1755609844 -1
839 process_839 128 512 1775 16 1755609854 -1
840 process_840 128 512 1163 16 1755609854 -1
246 process_246 128 512 1419 32 1755609844 -1
841 process_841 128 512 1268 16 1755609854 -1
846 process_846 128 256 1538 16 1755609854 -1
847 process_847 128 1024 1690 16 1755609854 -1
247 process_247 128 512 1753 32 1755609844 -1
248 process_248 128 256 1292 32 1755609844 -1
848 process_848 128 256 1404 16 1755609854 -1
850 process_850 128 512 1632 16 1755609854 -1
851 process_851 128 512 1583 16 1755609854 -1
249 process_249 128 256 1590 32 1755609844 -1
852 process_852 128 256 1449 16 1755609854 -1
854 process_854 128 512 1985 16 1755609854 -1
856 process_856 128 1024 1632 16 1755609854 -1
66 process_66 128 256 1968 48 1755609841 -1
858 process_858 128 512 1552 16 1755609854 -1
859 process_859 128 256 1021 16 1755609854 -1
861 process_861 128 256 1041 16 1755609854 -1
863 process_863 128 512 1305 16 1755609854 -1
251 process_251 128 512 1444 32 1755609844 -1
865 process_865 128 256 1630 16 1755609854 -1
866 process_866 128 256 1241 16 1755609854 -1
252 process_252 128 512 1081 32 1755609844 -1
867 process_867 128 256 1086 16 1755609854 -1
868 process_868 128 512 1122 16 1755609854 -1
68 process_68 128 256 1690 48 1755609841 -1
869 process_869 128 1024 1707 16 1755609854 -1
871 process_871 128 512 1443 16 1755609854 -1
254 process_254 128 256 1476 32 1755609844 -1
872 process_872 128 256 1870 16 1755609854 -1
874 process_874 128 512 1157 16 1755609854 -1
876 process_876 128 256 1537 16 1755609854 -1
879 process_879 128 256 1712 16 1755609854 -1
256 process_256 128 512 1290 32 1755609844 -1
880 process_880 128 256 1392 16 1755609854 -1
883 process_883 128 256 1426 16 1755609854 -1
884 process_884 128 256 1316 16 1755609854 -1
259 process_259 128 512 1682 32 1755609844 -1
886 process_886 128 512 1818 16 1755609854 -1
887 process_887 128 512 1479 16 1755609854 -1
889 process_889 128 256 1670 16 1755609854 -1
892 process_892 128 512 1225 16 1755609854 -1
260 process_260 128 256 1273 32 1755609844 -1
893 process_893 128 256 1741 16 1755609854 -1
261 process_261 128 256 1827 32 1755609844 -1
896 process_896 128 512 1547 16 1755609854 -1
262 process_262 128 512 1040 32 1755609844 -1
899 process_899 128 256 1859 16 1755609855 -1
900 process_900 128 256 1273 16 1755609855 -1
901 process_901 128 256 1208 16 1755609855 -1
902 process_902 128 256 1694 16 1755609855 -1
904 process_904 128 1024 1047 16 1755609855 -1
908 process_908 128 512 1329 16 1755609855 -1
909 process_909 128 256 1163 16 1755609855 -1
911 process_911 128 512 1379 16 1755609855 -1
14 process_14 128 512 1810 64 1755609841 -1
912 process_912 128 512 1869 16 1755609855 -1
913 process_913 128 256 1296 16 1755609855 -1
915 process_915 128 256 1226 16 1755609855 -1
266 process_266 128 256 1278 32 1755609844 -1
918 process_918 128 1024 1645 16 1755609855 -1
921 process_921 128 512 1770 16 1755609855 -1
269 process_269 128 256 1824 32 1755609844 -1
922 process_922 128 512 1918 16 1755609855 -1
923 process_923 128 512 1149 16 1755609855 -1
924 process_924 128 256 1207 16 1755609855 -1
925 process_925 128 512 1081 16 1755609855 -1
927 process_927 128 512 1847 16 1755609855 -1
928 process_928 128 1024 1908 16 1755609855 -1
929 process_929 128 256 1816 16 1755609855 -1
15 process_15 128 512 1742 64 1755609841 -1
931 process_931 128 512 1554 16 1755609855 -1
273 process_273 128 512 1759 32 1755609845 -1
932 process_932 128 512 1420 16 1755609855 -1
934 process_934 128 512 1319 16 1755609855 -1
71 process_71 128 512 1951 48 1755609841 -1
935 process_935 128 256 1503 16 1755609855 -1
936 process_936 128 256 1380 16 1755609855 -1
937 process_937 128 512 1075 16 1755609855 -1
938 process_938 128 256 1044 16 1755609855 -1
940 process_940 128 256 1172 16 1755609855 -1
941 process_941 128 256 1435 16 1755609855 -1
275 process_275 128 512 1472 32 1755609845 -1
942 process_942 128 256 1587 16 1755609855 -1
943 process_943 128 256 1121 16 1755609855 -1
276 process_276 128 256 1822 32 1755609845 -1
944 process_944 128 256 1666 16 1755609855 -1
947 process_947 128 256 1311 16 1755609855 -1
948 process_948 128 256 1422 16 1755609855 -1
950 process_950 128 512 1276 16 1755609855 -1
951 process_951 128 256 1067 16 1755609855 -1
953 process_953 128 512 1466 16 1755609855 -1
954 process_954 128 256 1861 16 1755609855 -1
955 process_955 128 256 1736 16 1755609855 -1
956 process_956 128 256 1724 16 1755609855 -1
278 process_278 128 256 1770 32 1755609845 -1
957 process_957 128 256 1423 16 1755609855 -1
960 process_960 128 256 1432 16 1755609856 -1
283 process_283 128 256 1623 32 1755609845 -1
962 process_962 128 256 1534 16 1755609856 -1
963 process_963 128 256 1950 16 1755609856 -1
964 process_964 128 256 1127 16 1755609856 -1
73 process_73 128 256 1232 48 1755609841 -1
967 process_967 128 512 1466 16 1755609856 -1
969 process_969 128 512 1378 16 1755609856 -1
285 process_285 128 256 1531 32 1755609845 -1
971 process_971 128 256 1878 16 1755609856 -1
972 process_972 128 256 1402 16 1755609856 -1
976 process_976 128 256 1648 16 1755609856 -1
286 process_286 128 256 1937 32 1755609845 -1
979 process_979 128 256 1317 16 1755609856 -1
980 process_980 128 512 1965 16 1755609856 -1
982 process_982 128 512 1351 16 1755609856 -1
287 process_287 128 512 1162 32 1755609845 -1
985 process_985 128 512 1949 16 1755609856 -1
986 process_986 128 256 1764 16 1755609856 -1
990 process_990 128 512 1572 16 1755609856 -1
17 process_17 128 256 1487 64 1755609841 -1
288 process_288 128 512 1903 32 1755609845 -1
991 process_991 128 256 1491 16 1755609856 -1
995 process_995 128 256 1839 16 1755609856 -1
996 process_996 128 256 1253 16 1755609856 -1
1000 process_1000 128 1024 1313 16 1755609856 -1
75 process_75 128 256 1516 48 1755609841 -1
291 process_291 128 512 1179 32 1755609845 -1
1005 process_1005 128 512 1156 16 1755609856 -1
77 process_77 128 256 1697 48 1755609841 -1
1006 process_1006 128 256 1116 16 1755609856 -1
1007 process_1007 128 512 1662 16 1755609856 -1
1009 process_1009 128 512 1447 16 1755609856 -1
1010 process_1010 128 256 1993 16 1755609856 -1
1013 process_1013 128 512 1522 16 1755609856 -1
293 process_293 128 512 1315 32 1755609845 -1
1014 process_1014 128 256 1900 16 1755609856 -1
294 process_294 128 256 1850 32 1755609845 -1
1015 process_1015 128 256 1933 16 1755609856 -1
1018 process_1018 128 256 1412 16 1755609856 -1
1019 process_1019 128 512 1139 16 1755609856 -1
296 process_296 128 512 1296 32 1755609845 -1
297 process_297 128 256 1930 32 1755609845 -1
1020 process_1020 128 256 1403 16 1755609856 -1
1023 process_1023 128 256 1000 16 1755609857 -1
1025 process_1025 128 512 1989 16 1755609857 -1
1027 process_1027 128 512 1364 16 1755609857 -1
299 process_299 128 256 1250 32 1755609845 -1
1028 process_1028 128 512 1613 16 1755609857 -1
1031 process_1031 128 256 1508 16 1755609857 -1
1036 process_1036 128 512 1165 16 1755609857 -1
78 process_78 128 512 1343 48 1755609841 -1
1037 process_1037 128 256 1081 16 1755609857 -1
1038 process_1038 128 256 1307 16 1755609857 -1
303 process_303 128 256 1499 32 1755609845 -1
1039 process_1039 128 256 1179 16 1755609857 -1
1043 process_1043 128 256 1456 16 1755609857 -1
1046 process_1046 128 256 1762 16 1755609857 -1
79 process_79 128 256 1520 48 1755609842 -1
1049 process_1049 128 512 1421 16 1755609857 -1
1051 process_1051 128 512 1115 16 1755609857 -1
306 process_306 128 256 1868 32 1755609845 -1
1052 process_1052 128 512 1746 16 1755609857 -1
80 process_80 128 512 1227 48 1755609842 -1
307 process_307 128 512 1174 32 1755609845 -1
1056 process_1056 128 1024 1435 16 1755609857 -1
1058 process_1058 128 512 1254 16 1755609857 -1
1060 process_1060 128 256 1145 16 1755609857 -1
308 process_308 128 512 1150 32 1755609845 -1
1062 process_1062 128 512 1600 16 1755609857 -1
1064 process_1064 128 256 1878 16 1755609857 -1
1067 process_1067 128 256 1363 16 1755609857 -1
1068 process_1068 128 256 1702 16 1755609857 -1
1070 process_1070 128 256 1931 16 1755609857 -1
81 process_81 128 512 1984 48 1755609842 -1
310 process_310 128 256 1151 32 1755609845 -1
1071 process_1071 128 256 1885 16 1755609857 -1
1072 process_1072 128 1024 1314 16 1755609857 -1
1073 process_1073 128 256 1992 16 1755609857 -1
1075 process_1075 128 256 1930 16 1755609857 -1
1076 process_1076 128 512 1847 16 1755609857 -1
313 process_313 128 512 1989 32 1755609845 -1
1082 process_1082 128 256 1925 16 1755609857 -1
1083 process_1083 128 256 1440 16 1755609857 -1
314 process_314 128 512 1259 32 1755609845 -1
1085 process_1085 128 256 1086 16 1755609857 -1
1088 process_1088 128 1024 1863 16 1755609858 -1
315 process_315 128 256 1444 32 1755609845 -1
1090 process_1090 128 512 1958 16 1755609858 -1
1093 process_1093 128 1024 1125 16 1755609858 -1
1094 process_1094 128 512 1252 16 1755609858 -1
316 process_316 128 512 1209 32 1755609845 -1
1095 process_1095 128 512 1898 16 1755609858 -1
1096 process_1096 128 256 1622 16 1755609858 -1
1097 process_1097 128 512 1516 16 1755609858 -1
320 process_320 128 256 1958 32 1755609845 -1
1098 process_1098 128 512 1071 16 1755609858 -1
321 process_321 128 256 1363 32 1755609845 -1
1100 process_1100 128 256 1011 16 1755609858 -1
1101 process_1101 128 1024 1892 16 1755609858 -1
1102 process_1102 128 512 1295 16 1755609858 -1
1103 process_1103 128 256 1895 16 1755609858 -1
324 process_324 128 1024 1706 32 1755609845 -1
1106 process_1106 128 256 1016 16 1755609858 -1
86 process_86 128 256 1217 48 1755609842 -1
1108 process_1108 128 256 1779 16 1755609858 -1
1109 process_1109 128 256 1587 16 1755609858 -1
1111 process_1111 128 512 1361 16 1755609858 -1
1113 process_1113 128 256 1950 16 1755609858 -1
1115 process_1115 128 256 1641 16 1755609858 -1
0 process_0 128 256 1069 80 1755609840 -1
326 process_326 128 256 1261 32 1755609845 -1
1116 process_1116 128 1024 1301 16 1755609858 -1
1117 process_1117 128 256 1304 16 1755609858 -1
1118 process_1118 128 256 1974 16 1755609858 -1
1120 process_1120 128 512 1588 16 1755609858 -1
1121 process_1121 128 256 1958 16 1755609858 -1
1127 process_1127 128 256 1776 16 1755609858 -1
88 process_88 128 256 1453 48 1755609842 -1
1129 process_1129 128 256 1304 16 1755609858 -1
328 process_328 128 512 1685 32 1755609845 -1
1130 process_1130 128 512 1403 16 1755609858 -1
331 process_331 128 256 1115 32 1755609845 -1
1132 process_1132 128 512 1657 16 1755609858 -1
1133 process_1133 128 256 1407 16 1755609858 -1
1134 process_1134 128 256 1543 16 1755609858 -1
1136 process_1136 128 512 1663 16 1755609858 -1
1138 process_1138 128 512 1448 16 1755609858 -1
1142 process_1142 128 512 1673 16 1755609858 -1
1143 process_1143 128 256 1926 16 1755609858 -1
1145 process_1145 128 256 1532 16 1755609858 -1
1146 process_1146 128 256 1827 16 1755609858 -1
334 process_334 128 256 1106 32 1755609845 -1
1147 process_1147 128 512 1225 16 1755609858 -1
1148 process_1148 128 256 1080 16 1755609858 -1
1149 process_1149 128 256 1101 16 1755609858 -1
1151 process_1151 128 512 1436 16 1755609859 -1
1152 process_1152 128 512 1017 16 1755609859 -1
1156 process_1156 128 256 1054 16 1755609859 -1
338 process_338 128 256 1486 32 1755609846 -1
1157 process_1157 128 512 1718 16 1755609859 -1
1159 process_1159 128 1024 1173 16 1755609859 -1
1162 process_1162 128 1024 1569 16 1755609859 -1
1163 process_1163 128 512 1035 16 1755609859 -1
1164 process_1164 128 512 1202 16 1755609859 -1
1166 process_1166 128 512 1975 16 1755609859 -1
340 process_340 128 256 1587 32 1755609846 -1
1167 process_1167 128 1024 1904 16 1755609859 -1
1168 process_1168 128 1024 1262 16 1755609859 -1
1169 process_1169 128 512 1450 16 1755609859 -1
1170 process_1170 128 256 1228 16 1755609859 -1
89 process_89 128 512 1704 48 1755609842 -1
1171 process_1171 128 256 1440 16 1755609859 -1
1172 process_1172 128 512 1168 16 1755609859 -1
2 process_2 128 256 1354 80 1755609840 -1
1174 process_1174 128 256 1490 16 1755609859 -1
1175 process_1175 128 1024 1592 16 1755609859 -1
341 process_341 128 256 1991 32 1755609846 -1
1176 process_1176 128 512 1439 16 1755609859 -1
1177 process_1177 128 512 1869 16 1755609859 -1
91 process_91 128 256 1631 48 1755609842 -1
1178 process_1178 128 512 1452 16 1755609859 -1
343 process_343 128 256 1245 32 1755609846 -1
1180 process_1180 128 256 1171 16 1755609859 -1
1182 process_1182 128 256 1219 16 1755609859 -1
1185 process_1185 128 256 1743 16 1755609859 -1
1187 process_1187 128 256 1005 16 1755609859 -1
1188 process_1188 128 512 1995 16 1755609859 -1
1189 process_1189 128 256 1492 16 1755609859 -1
1191 process_1191 128 512 1970 16 1755609859 -1
348 process_348 128 512 1478 32 1755609846 -1
1195 process_1195 128 256 1292 16 1755609859 -1
1196 process_1196 128 256 1932 16 1755609859 -1
1197 process_1197 128 512 1076 16 1755609859 -1
349 process_349 128 512 1126 32 1755609846 -1
350 process_350 128 512 1989 32 1755609846 -1
1198 process_1198 128 256 1124 16 1755609859 -1
1199 process_1199 128 256 1053 16 1755609859 -1
1201 process_1201 128 512 1742 16 1755609859 -1
1204 process_1204 128 512 1375 16 1755609859 -1
1206 process_1206 128 256 1220 16 1755609859 -1
1207 process_1207 128 512 1926 16 1755609859 -1
353 process_353 128 256 1995 32 1755609846 -1
1211 process_1211 128 512 1180 16 1755609859 -1
354 process_354 128 512 1820 32 1755609846 -1
1212 process_1212 128 256 1130 16 1755609860 -1
1213 process_1213 128 256 1973 16 1755609860 -1
357 process_357 128 512 1285 32 1755609846 -1
1215 process_1215 128 256 1841 16 1755609860 -1
94 process_94 128 256 1386 48 1755609842 -1
1216 process_1216 128 256 1360 16 1755609860 -1
1217 process_1217 128 256 1164 16 1755609860 -1
1219 process_1219 128 256 1106 16 1755609860 -1
1221 process_1221 128 256 1592 16 1755609860 -1
1224 process_1224 128 256 1019 16 1755609860 -1
358 process_358 128 512 1598 32 1755609846 -1
1226 process_1226 128 256 1944 16 1755609860 -1
1228 process_1228 128 512 1866 16 1755609860 -1
359 process_359 128 256 1098 32 1755609846 -1
1229 process_1229 128 256 1003 16 1755609860 -1
96 process_96 128 512 1059 48 1755609842 -1
1230 process_1230 128 256 1839 16 1755609860 -1
1233 process_1233 128 256 1449 16 1755609860 -1
1236 process_1236 128 256 1348 16 1755609860 -1
1237 process_1237 128 256 1039 16 1755609860 -1
1239 process_1239 128 512 1857 16 1755609860 -1
1243 process_1243 128 256 1671 16 1755609860 -1
97 process_97 128 256 1653 48 1755609842 -1
1244 process_1244 128 1024 1270 16 1755609860 -1
1246 process_1246 128 256 1097 16 1755609860 -1
360 process_360 128 256 1809 32 1755609846 -1
1247 process_1247 128 256 1055 16 1755609860 -1
1248 process_1248 128 256 1709 16 1755609860 -1
1249 process_1249 128 256 1799 16 1755609860 -1
1250 process_1250 128 512 1711 16 1755609860 -1
1252 process_1252 128 256 1868 16 1755609860 -1
1253 process_1253 128 256 1605 16 1755609860 -1
1257 process_1257 128 1024 1717 16 1755609860 -1
363 process_363 128 512 1285 32 1755609846 -1
1258 process_1258 128 512 1909 16 1755609860 -1
1259 process_1259 128 256 1086 16 1755609860 -1
1261 process_1261 128 256 1064 16 1755609860 -1
1263 process_1263 128 512 1354 16 1755609860 -1
1266 process_1266 128 256 1182 16 1755609860 -1
102 process_102 128 256 1822 48 1755609842 -1
1267 process_1267 128 512 1836 16 1755609861 -1
370 process_370 128 512 1129 32 1755609846 -1
1268 process_1268 128 1024 1667 16 1755609861 -1
1270 process_1270 128 512 1673 16 1755609861 -1
1271 process_1271 128 512 1046 16 1755609861 -1
371 process_371 128 256 1725 32 1755609846 -1
1273 process_1273 128 256 1455 16 1755609861 -1
1274 process_1274 128 256 1337 16 1755609861 -1
1276 process_1276 128 512 1426 16 1755609861 -1
1277 process_1277 128 256 1329 16 1755609861 -1
1278 process_1278 128 256 1924 16 1755609861 -1
374 process_374 128 512 1486 32 1755609846 -1
1279 process_1279 128 512 1692 16 1755609861 -1
1280 process_1280 128 512 1674 16 1755609861 -1
376 process_376 128 256 1009 32 1755609846 -1
1281 process_1281 128 256 1126 16 1755609861 -1
1283 process_1283 128 512 1915 16 1755609861 -1
104 process_104 128 512 1051 48 1755609842 -1
1285 process_1285 128 256 1069 16 1755609861 -1
1286 process_1286 128 256 1252 16 1755609861 -1
1288 process_1288 128 256 1457 16 1755609861 -1
1290 process_1290 128 256 1805 16 1755609861 -1
377 process_377 128 256 1270 32 1755609846 -1
24 process_24 128 256 1882 64 1755609841 -1
378 process_378 128 256 1715 32 1755609846 -1
1292 process_1292 128 256 1534 16 1755609861 -1
1293 process_1293 128 256 1199 16 1755609861 -1
1295 process_1295 128 256 1071 16 1755609861 -1
1297 process_1297 128 256 1087 16 1755609861 -1
1299 process_1299 128 256 1963 16 1755609861 -1
1300 process_1300 128 256 1697 16 1755609861 -1
1304 process_1304 128 512 1904 16 1755609861 -1
1305 process_1305 128 512 1380 16 1755609861 -1
381 process_381 128 512 1624 32 1755609846 -1
1307 process_1307 128 256 1974 16 1755609861 -1
1308 process_1308 128 256 1374 16 1755609861 -1
1311 process_1311 128 256 1421 16 1755609861 -1
1312 process_1312 128 256 1467 16 1755609861 -1
383 process_383 128 512 1842 32 1755609846 -1
384 process_384 128 256 1582 32 1755609846 -1
1313 process_1313 128 256 1605 16 1755609861 -1
1315 process_1315 128 256 1416 16 1755609861 -1
1317 process_1317 128 256 1417 16 1755609861 -1
1318 process_1318 128 256 1954 16 1755609861 -1
105 process_105 128 256 1330 48 1755609842 -1
1323 process_1323 128 256 1598 16 1755609861 -1
1325 process_1325 128 512 1435 16 1755609861 -1
1326 process_1326 128 256 1929 16 1755609861 -1
1327 process_1327 128 512 1344 16 1755609861 -1
385 process_385 128 512 1927 32 1755609846 -1
387 process_387 128 512 1837 32 1755609846 -1
388 process_388 128 256 1779 32 1755609846 -1
1331 process_1331 128 512 1779 16 1755609862 -1
1333 process_1333 128 256 1289 16 1755609862 -1
1334 process_1334 128 512 1910 16 1755609862 -1
1336 process_1336 128 256 1497 16 1755609862 -1
1338 process_1338 128 256 1877 16 1755609862 -1
1344 process_1344 128 512 1392 16 1755609862 -1
1347 process_1347 128 256 1684 16 1755609862 -1
1348 process_1348 128 512 1277 16 1755609862 -1
392 process_392 128 256 1803 32 1755609846 -1
1349 process_1349 128 256 1388 16 1755609862 -1
1350 process_1350 128 512 1146 16 1755609862 -1
1352 process_1352 128 256 1363 16 1755609862 -1
393 process_393 128 256 1953 32 1755609846 -1
1353 process_1353 128 256 1949 16 1755609862 -1
1355 process_1355 128 512 1240 16 1755609862 -1
1356 process_1356 128 512 1658 16 1755609862 -1
1358 process_1358 128 512 1709 16 1755609862 -1
1360 process_1360 128 512 1380 16 1755609862 -1
1363 process_1363 128 512 1828 16 1755609862 -1
1364 process_1364 128 256 1070 16 1755609862 -1
1365 process_1365 128 256 1512 16 1755609862 -1
1366 process_1366 128 256 1073 16 1755609862 -1
396 process_396 128 512 1618 32 1755609846 -1
1368 process_1368 128 1024 1184 16 1755609862 -1
397 process_397 128 512 1954 32 1755609846 -1
1370 process_1370 128 512 1560 16 1755609862 -1
1371 process_1371 128 256 1833 16 1755609862 -1
1372 process_1372 128 256 1731 16 1755609862 -1
1373 process_1373 128 256 1875 16 1755609862 -1
398 process_398 128 512 1662 32 1755609846 -1
401 process_401 128 512 1697 32 1755609847 -1
1375 process_1375 128 256 1206 16 1755609862 -1
1376 process_1376 128 512 1154 16 1755609862 -1
1379 process_1379 128 256 1308 16 1755609862 -1
1380 process_1380 128 256 1832 16 1755609862 -1
402 process_402 128 512 1493 32 1755609847 -1
1381 process_1381 128 512 1605 16 1755609862 -1
1382 process_1382 128 512 1349 16 1755609862 -1
1387 process_1387 128 256 1308 16 1755609863 -1
404 process_404 128 1024 1079 32 1755609847 -1
1388 process_1388 128 512 1400 16 1755609863 -1
1389 process_1389 128 512 1211 16 1755609863 -1
405 process_405 128 256 1630 32 1755609847 -1
1391 process_1391 128 256 1903 16 1755609863 -1
1392 process_1392 128 512 1402 16 1755609863 -1
1395 process_1395 128 512 1079 16 1755609863 -1
1397 process_1397 128 256 1906 16 1755609863 -1
1398 process_1398 128 256 1690 16 1755609863 -1
1399 process_1399 128 512 1693 16 1755609863 -1
1401 process_1401 128 1024 1972 16 1755609863 -1
406 process_406 128 512 1342 32 1755609847 -1
407 process_407 128 512 1059 32 1755609847 -1
1402 process_1402 128 512 1976 16 1755609863 -1
1403 process_1403 128 256 1404 16 1755609863 -1
1406 process_1406 128 1024 1832 16 1755609863 -1
1408 process_1408 128 512 1697 16 1755609863 -1
408 process_408 128 512 1285 32 1755609847 -1
1409 process_1409 128 256 1708 16 1755609863 -1
1411 process_1411 128 256 1099 16 1755609863 -1
1412 process_1412 128 512 1025 16 1755609863 -1
409 process_409 128 512 1345 32 1755609847 -1
1413 process_1413 128 256 1775 16 1755609863 -1
1414 process_1414 128 256 1221 16 1755609863 -1
1416 process_1416 128 1024 1841 16 1755609863 -1
115 process_115 128 512 1228 48 1755609842 -1
410 process_410 128 512 1984 32 1755609847 -1
1418 process_1418 128 256 1671 16 1755609863 -1
1421 process_1421 128 256 1519 16 1755609863 -1
1422 process_1422 128 1024 1892 16 1755609863 -1
116 process_116 128 256 1580 48 1755609842 -1
1424 process_1424 128 256 1752 16 1755609863 -1
1425 process_1425 128 512 1978 16 1755609863 -1
1427 process_1427 128 256 1461 16 1755609863 -1
411 process_411 128 256 1848 32 1755609847 -1
1428 process_1428 128 256 1343 16 1755609863 -1
1429 process_1429 128 256 2000 16 1755609863 -1
1430 process_1430 128 256 1939 16 1755609863 -1
414 process_414 128 256 1829 32 1755609847 -1
1431 process_1431 128 512 1176 16 1755609863 -1
1434 process_1434 128 1024 1924 16 1755609863 -1
1438 process_1438 128 1024 1377 16 1755609863 -1
1439 process_1439 128 256 1489 16 1755609863 -1
415 process_415 128 256 1185 32 1755609847 -1
1441 process_1441 128 256 1640 16 1755609863 -1
1442 process_1442 128 256 1439 16 1755609863 -1
1443 process_1443 128 256 1857 16 1755609863 -1
117 process_117 128 256 1629 48 1755609842 -1
1447 process_1447 128 1024 1545 16 1755609863 -1
1448 process_1448 128 1024 1902 16 1755609863 -1
416 process_416 128 256 1355 32 1755609847 -1
1449 process_1449 128 512 1385 16 1755609864 -1
1450 process_1450 128 256 1436 16 1755609864 -1
1454 process_1454 128 256 1492 16 1755609864 -1
1455 process_1455 128 256 1252 16 1755609864 -1
1458 process_1458 128 1024 1603 16 1755609864 -1
118 process_118 128 512 1204 48 1755609842 -1
1459 process_1459 128 256 1331 16 1755609864 -1
422 process_422 128 512 1911 32 1755609847 -1
1460 process_1460 128 1024 1994 16 1755609864 -1
1464 process_1464 128 512 1054 16 1755609864 -1
1466 process_1466 128 512 1440 16 1755609864 -1
1467 process_1467 128 256 1111 16 1755609864 -1
1468 process_1468 128 256 1652 16 1755609864 -1
1469 process_1469 128 256 1952 16 1755609864 -1
1470 process_1470 128 512 1485 16 1755609864 -1
1471 process_1471 128 256 1948 16 1755609864 -1
425 process_425 128 512 1028 32 1755609847 -1
1472 process_1472 128 256 1507 16 1755609864 -1
1473 process_1473 128 1024 1166 16 1755609864 -1
119 process_119 128 256 1225 48 1755609842 -1
427 process_427 128 256 1976 32 1755609847 -1
1474 process_1474 128 256 1010 16 1755609864 -1
1475 process_1475 128 512 1068 16 1755609864 -1
1476 process_1476 128 256 1465 16 1755609864 -1
1478 process_1478 128 256 1577 16 1755609864 -1
1479 process_1479 128 256 1874 16 1755609864 -1
1482 process_1482 128 256 1554 16 1755609864 -1
1483 process_1483 128 256 1885 16 1755609864 -1
1484 process_1484 128 256 1497 16 1755609864 -1
1486 process_1486 128 1024 1269 16 1755609864 -1
1487 process_1487 128 256 1624 16 1755609864 -1
1488 process_1488 128 256 1318 16 1755609864 -1
1491 process_1491 128 256 1505 16 1755609864 -1
433 process_433 128 512 1644 32 1755609847 -1
1492 process_1492 128 256 1040 16 1755609864 -1
434 process_434 128 256 1604 32 1755609847 -1
1494 process_1494 128 256 1782 16 1755609864 -1
1496 process_1496 128 256 1706 16 1755609864 -1
1497 process_1497 128 512 1989 16 1755609864 -1
435 process_435 128 256 1934 32 1755609847 -1
1498 process_1498 128 256 1565 16 1755609864 -1
1501 process_1501 128 256 1579 16 1755609864 -1
1502 process_1502 128 512 1251 16 1755609864 -1
437 process_437 128 256 1201 32 1755609847 -1
1503 process_1503 128 256 1132 16 1755609864 -1
1507 process_1507 128 256 1520 16 1755609865 -1
438 process_438 128 256 1154 32 1755609847 -1
1508 process_1508 128 512 1378 16 1755609865 -1
1509 process_1509 128 512 1969 16 1755609865 -1
1512 process_1512 128 256 1319 16 1755609865 -1
1514 process_1514 128 512 1738 16 1755609865 -1
122 process_122 128 512 1461 48 1755609842 -1
1515 process_1515 128 256 1355 16 1755609865 -1
1516 process_1516 128 256 1232 16 1755609865 -1
1519 process_1519 128 256 1264 16 1755609865 -1
1520 process_1520 128 256 1599 16 1755609865 -1
1521 process_1521 128 256 1126 16 1755609865 -1
1524 process_1524 128 256 1617 16 1755609865 -1
1526 process_1526 128 256 1962 16 1755609865 -1
1528 process_1528 128 512 1936 16 1755609865 -1
1530 process_1530 128 512 1020 16 1755609865 -1
1531 process_1531 128 256 1203 16 1755609865 -1
442 process_442 128 512 1249 32 1755609847 -1
30 process_30 128 256 1413 64 1755609841 -1
1532 process_1532 128 512 1304 16 1755609865 -1
1533 process_1533 128 512 1067 16 1755609865 -1
444 process_444 128 512 1452 32 1755609847 -1
1540 process_1540 128 256 1609 16 1755609865 -1
1543 process_1543 128 256 1879 16 1755609865 -1
1544 process_1544 128 1024 1260 16 1755609865 -1
1546 process_1546 128 512 1461 16 1755609865 -1
123 process_123 128 256 1184 48 1755609842 -1
1547 process_1547 128 512 1641 16 1755609865 -1
1549 process_1549 128 256 1931 16 1755609865 -1
1550 process_1550 128 256 1690 16 1755609865 -1
1551 process_1551 128 256 1839 16 1755609865 -1
1552 process_1552 128 256 1831 16 1755609865 -1
1553 process_1553 128 256 1459 16 1755609865 -1
1554 process_1554 128 256 1979 16 1755609865 -1
1556 process_1556 128 256 1925 16 1755609865 -1
1557 process_1557 128 256 1613 16 1755609865 -1
1559 process_1559 128 1024 1923 16 1755609865 -1
31 process_31 128 256 1000 64 1755609841 -1
1560 process_1560 128 512 1894 16 1755609865 -1
1561 process_1561 128 256 1691 16 1755609865 -1
1562 process_1562 128 256 1404 16 1755609865 -1
1564 process_1564 128 256 1876 16 1755609866 -1
1566 process_1566 128 256 1455 16 1755609866 -1
1567 process_1567 128 256 1461 16 1755609866 -1
452 process_452 128 512 1684 32 1755609847 -1
1571 process_1571 128 256 1309 16 1755609866 -1
454 process_454 128 256 1618 32 1755609847 -1
1573 process_1573 128 512 1510 16 1755609866 -1
1574 process_1574 128 1024 1962 16 1755609866 -1
455 process_455 128 256 1158 32 1755609847 -1
1576 process_1576 128 512 1546 16 1755609866 -1
456 process_456 128 512 1238 32 1755609847 -1
1578 process_1578 128 256 1247 16 1755609866 -1
1583 process_1583 128 256 1736 16 1755609866 -1
1584 process_1584 128 512 1459 16 1755609866 -1
1586 process_1586 128 256 1756 16 1755609866 -1
457 process_457 128 512 1069 32 1755609847 -1
1587 process_1587 128 256 1276 16 1755609866 -1
1588 process_1588 128 256 1087 16 1755609866 -1
1589 process_1589 128 512 1205 16 1755609866 -1
1590 process_1590 128 256 1487 16 1755609866 -1
1593 process_1593 128 512 1149 16 1755609866 -1
1595 process_1595 128 512 1466 16 1755609866 -1
1597 process_1597 128 512 1431 16 1755609866 -1
458 process_458 128 512 1086 32 1755609847 -1
460 process_460 128 256 1019 32 1755609847 -1
1598 process_1598 128 512 1822 16 1755609866 -1
461 process_461 128 512 1634 32 1755609847 -1
1600 process_1600 128 256 1544 16 1755609866 -1
1601 process_1601 128 512 1374 16 1755609866 -1
1604 process_1604 128 512 1636 16 1755609866 -1
1608 process_1608 128 512 1957 16 1755609866 -1
1609 process_1609 128 256 1259 16 1755609866 -1
1611 process_1611 128 256 1746 16 1755609866 -1
1613 process_1613 128 256 1747 16 1755609866 -1
1614 process_1614 128 512 1610 16 1755609866 -1
1615 process_1615 128 256 1083 16 1755609866 -1
462 process_462 128 256 1047 32 1755609848 -1
1616 process_1616 128 512 1910 16 1755609866 -1
1618 process_1618 128 512 1584 16 1755609866 -1
128 process_128 128 256 1455 48 1755609842 -1
463 process_463 128 512 1921 32 1755609848 -1
1619 process_1619 128 512 1331 16 1755609866 -1
465 process_465 128 256 1349 32 1755609848 -1
1620 process_1620 128 512 1913 16 1755609866 -1
1627 process_1627 128 512 1721 16 1755609867 -1
466 process_466 128 512 1296 32 1755609848 -1
1628 process_1628 128 512 1110 16 1755609867 -1
1629 process_1629 128 512 1314 16 1755609867 -1
1631 process_1631 128 512 1764 16 1755609867 -1
1632 process_1632 128 256 1008 16 1755609867 -1
1634 process_1634 128 512 1302 16 1755609867 -1
467 process_467 128 256 1357 32 1755609848 -1
1636 process_1636 128 256 1099 16 1755609867 -1
468 process_468 128 512 1662 32 1755609848 -1
1637 process_1637 128 256 1439 16 1755609867 -1
1638 process_1638 128 512 1972 16 1755609867 -1
1639 process_1639 128 512 1623 16 1755609867 -1
470 process_470 128 512 1650 32 1755609848 -1
1640 process_1640 128 512 1011 16 1755609867 -1
1641 process_1641 128 256 1285 16 1755609867 -1
1644 process_1644 128 512 1509 16 1755609867 -1
471 process_471 128 256 1163 32 1755609848 -1
1647 process_1647 128 512 1596 16 1755609867 -1
1648 process_1648 128 256 1524 16 1755609867 -1
1650 process_1650 128 512 1914 16 1755609867 -1
473 process_473 128 512 1461 32 1755609848 -1
474 process_474 128 512 1225 32 1755609848 -1
34 process_34 128 256 1089 64 1755609841 -1
1651 process_1651 128 256 1114 16 1755609867 -1
1652 process_1652 128 512 1828 16 1755609867 -1
1654 process_1654 128 256 1773 16 1755609867 -1
1657 process_1657 128 512 1399 16 1755609867 -1
476 process_476 128 512 1316 32 1755609848 -1
1659 process_1659 128 256 1304 16 1755609867 -1
1661 process_1661 128 256 1535 16 1755609867 -1
1664 process_1664 128 256 1146 16 1755609867 -1
1666 process_1666 128 256 1650 16 1755609867 -1
1667 process_1667 128 512 1103 16 1755609867 -1
134 process_134 128 256 1120 48 1755609842 -1
1668 process_1668 128 512 1574 16 1755609867 -1
1669 process_1669 128 256 1050 16 1755609867 -1
481 process_481 128 256 1369 32 1755609848 -1
1673 process_1673 128 256 1336 16 1755609867 -1
1674 process_1674 128 512 1318 16 1755609867 -1
1675 process_1675 128 256 1259 16 1755609867 -1
1677 process_1677 128 512 1203 16 1755609867 -1
1679 process_1679 128 256 1358 16 1755609867 -1
482 process_482 128 256 1332 32 1755609848 -1
1680 process_1680 128 256 1411 16 1755609867 -1
1682 process_1682 128 256 1470 16 1755609867 -1
1685 process_1685 128 512 1629 16 1755609868 -1
1687 process_1687 128 512 1688 16 1755609868 -1
486 process_486 128 512 1060 32 1755609848 -1
136 process_136 128 512 1707 48 1755609842 -1
1688 process_1688 128 512 1390 16 1755609868 -1
1689 process_1689 128 256 1640 16 1755609868 -1
1690 process_1690 128 256 1535 16 1755609868 -1
1694 process_1694 128 256 1310 16 1755609868 -1
1695 process_1695 128 512 1875 16 1755609868 -1
488 process_488 128 256 1649 32 1755609848 -1
1696 process_1696 128 256 1594 16 1755609868 -1
1698 process_1698 128 256 1255 16 1755609868 -1
1699 process_1699 128 256 1659 16 1755609868 -1
1700 process_1700 128 256 1527 16 1755609868 -1
1701 process_1701 128 256 1323 16 1755609868 -1
1702 process_1702 128 256 1966 16 1755609868 -1
1703 process_1703 128 256 1930 16 1755609868 -1
1704 process_1704 128 256 1108 16 1755609868 -1
1705 process_1705 128 512 1142 16 1755609868 -1
1706 process_1706 128 256 1397 16 1755609868 -1
1707 process_1707 128 256 1090 16 1755609868 -1
1708 process_1708 128 256 1350 16 1755609868 -1
493 process_493 128 512 1484 32 1755609848 -1
494 process_494 128 256 1421 32 1755609848 -1
1709 process_1709 128 256 1697 16 1755609868 -1
1710 process_1710 128 256 1358 16 1755609868 -1
1711 process_1711 128 256 1074 16 1755609868 -1
1714 process_1714 128 256 1785 16 1755609868 -1
1717 process_1717 128 512 1980 16 1755609868 -1
496 process_496 128 512 1735 32 1755609848 -1
497 process_497 128 512 1651 32 1755609848 -1
1722 process_1722 128 256 1349 16 1755609868 -1
1724 process_1724 128 512 1488 16 1755609868 -1
1726 process_1726 128 512 1809 16 1755609868 -1
1727 process_1727 128 256 1042 16 1755609868 -1
1728 process_1728 128 256 1097 16 1755609868 -1
141 process_141 128 256 1430 48 1755609842 -1
1730 process_1730 128 256 1994 16 1755609868 -1
1733 process_1733 128 256 1605 16 1755609868 -1
1734 process_1734 128 256 1668 16 1755609868 -1
499 process_499 128 512 1547 32 1755609848 -1
1736 process_1736 128 256 1433 16 1755609868 -1
1737 process_1737 128 512 1367 16 1755609868 -1
1738 process_1738 128 512 1881 16 1755609868 -1
1742 process_1742 128 1024 1913 16 1755609869 -1
500 process_500 128 1024 1744 32 1755609848 -1
1745 process_1745 128 256 1542 16 1755609869 -1
1748 process_1748 128 256 1580 16 1755609869 -1
1750 process_1750 128 256 1978 16 1755609869 -1
1751 process_1751 128 256 1111 16 1755609869 -1
1753 process_1753 128 1024 1698 16 1755609869 -1
502 process_502 128 256 1549 32 1755609848 -1
1754 process_1754 128 512 1712 16 1755609869 -1
142 process_142 128 512 1650 48 1755609842 -1
1755 process_1755 128 1024 1872 16 1755609869 -1
1758 process_1758 128 256 1986 16 1755609869 -1
1761 process_1761 128 1024 1344 16 1755609869 -1
1763 process_1763 128 512 1977 16 1755609869 -1
1764 process_1764 128 512 1427 16 1755609869 -1
1765 process_1765 128 512 1596 16 1755609869 -1
1766 process_1766 128 1024 1388 16 1755609869 -1
504 process_504 128 512 1967 32 1755609848 -1
506 process_506 128 512 1832 32 1755609848 -1
507 process_507 128 256 1842 32 1755609848 -1
1767 process_1767 128 256 1515 16 1755609869 -1
508 process_508 128 256 1434 32 1755609848 -1
1771 process_1771 128 1024 1721 16 1755609869 -1
1772 process_1772 128 1024 1161 16 1755609869 -1
1773 process_1773 128 256 1645 16 1755609869 -1
1775 process_1775 128 256 1220 16 1755609869 -1
1776 process_1776 128 256 1204 16 1755609869 -1
1777 process_1777 128 256 1549 16 1755609869 -1
509 process_509 128 512 1835 32 1755609848 -1
37 process_37 128 256 1990 64 1755609841 -1
1779 process_1779 128 256 1069 16 1755609869 -1
1780 process_1780 128 256 1354 16 1755609869 -1
1781 process_1781 128 256 1945 16 1755609869 -1
1783 process_1783 128 512 1092 16 1755609869 -1
1784 process_1784 128 256 1391 16 1755609869 -1
1785 process_1785 128 1024 1675 16 1755609869 -1
1789 process_1789 128 512 1223 16 1755609869 -1
1790 process_1790 128 256 1866 16 1755609869 -1
1791 process_1791 128 512 1849 16 1755609869 -1
1794 process_1794 128 256 1137 16 1755609869 -1
1796 process_1796 128 256 1829 16 1755609869 -1
143 process_143 128 256 1186 48 1755609843 -1
1797 process_1797 128 256 1575 16 1755609869 -1
1798 process_1798 128 512 1047 16 1755609869 -1
1799 process_1799 128 256 1981 16 1755609869 -1
1800 process_1800 128 256 1906 16 1755609869 -1
1801 process_1801 128 1024 1962 16 1755609870 -1
1803 process_1803 128 512 1979 16 1755609870 -1
1804 process_1804 128 256 1162 16 1755609870 -1
1805 process_1805 128 256 1639 16 1755609870 -1
1807 process_1807 128 256 1678 16 1755609870 -1
1808 process_1808 128 256 1066 16 1755609870 -1
1811 process_1811 128 512 1965 16 1755609870 -1
521 process_521 128 256 1253 32 1755609848 -1
1812 process_1812 128 512 1729 16 1755609870 -1
1814 process_1814 128 256 1441 16 1755609870 -1
1815 process_1815 128 256 1541 16 1755609870 -1
1816 process_1816 128 256 1007 16 1755609870 -1
1817 process_1817 128 256 1914 16 1755609870 -1
1818 process_1818 128 1024 1144 16 1755609870 -1
1820 process_1820 128 256 1190 16 1755609870 -1
146 process_146 128 512 1755 48 1755609843 -1
523 process_523 128 256 1373 32 1755609848 -1
1823 process_1823 128 256 1854 16 1755609870 -1
1824 process_1824 128 256 1333 16 1755609870 -1
524 process_524 128 256 1761 32 1755609848 -1
1825 process_1825 128 256 1336 16 1755609870 -1
526 process_526 128 256 1805 32 1755609849 -1
1826 process_1826 128 256 1910 16 1755609870 -1
1827 process_1827 128 256 1214 16 1755609870 -1
527 process_527 128 512 1611 32 1755609849 -1
1833 process_1833 128 512 1508 16 1755609870 -1
1834 process_1834 128 256 1708 16 1755609870 -1
1836 process_1836 128 512 1683 16 1755609870 -1
147 process_147 128 256 1839 48 1755609843 -1
1837 process_1837 128 512 1392 16 1755609870 -1
1840 process_1840 128 256 1875 16 1755609870 -1
1842 process_1842 128 256 1715 16 1755609870 -1
528 process_528 128 512 1789 32 1755609849 -1
529 process_529 128 256 1947 32 1755609849 -1
1843 process_1843 128 256 1649 16 1755609870 -1
1847 process_1847 128 256 1284 16 1755609870 -1
1849 process_1849 128 256 1394 16 1755609870 -1
1851 process_1851 128 256 1477 16 1755609870 -1
1852 process_1852 128 512 1324 16 1755609870 -1
1853 process_1853 128 256 1818 16 1755609870 -1
1854 process_1854 128 256 1081 16 1755609870 -1
531 process_531 128 256 1317 32 1755609849 -1
1858 process_1858 128 512 1823 16 1755609870 -1
148 process_148 128 256 1068 48 1755609843 -1
1861 process_1861 128 256 1764 16 1755609870 -1
1862 process_1862 128 256 1843 16 1755609870 -1
532 process_532 128 256 1357 32 1755609849 -1
1863 process_1863 128 256 1523 16 1755609871 -1
1864 process_1864 128 256 1775 16 1755609871 -1
1870 process_1870 128 1024 1941 16 1755609871 -1
534 process_534 128 256 1351 32 1755609849 -1
1873 process_1873 128 512 1433 16 1755609871 -1
1875 process_1875 128 512 1594 16 1755609871 -1
536 process_536 128 256 1446 32 1755609849 -1
1876 process_1876 128 256 1821 16 1755609871 -1
1879 process_1879 128 512 1038 16 1755609871 -1
1883 process_1883 128 1024 1693 16 1755609871 -1
538 process_538 128 256 1719 32 1755609849 -1
38 process_38 128 256 1036 64 1755609841 -1
1884 process_1884 128 256 1328 16 1755609871 -1
1885 process_1885 128 256 1545 16 1755609871 -1
1886 process_1886 128 512 1399 16 1755609871 -1
1888 process_1888 128 256 1799 16 1755609871 -1
1889 process_1889 128 256 1858 16 1755609871 -1
539 process_539 128 256 1359 32 1755609849 -1
1890 process_1890 128 256 1141 16 1755609871 -1
1894 process_1894 128 1024 1419 16 1755609871 -1
1895 process_1895 128 512 1718 16 1755609871 -1
543 process_543 128 512 1864 32 1755609849 -1
1897 process_1897 128 256 1152 16 1755609871 -1
544 process_544 128 512 1428 32 1755609849 -1
545 process_545 128 256 1278 32 1755609849 -1
1898 process_1898 128 256 1153 16 1755609871 -1
1901 process_1901 128 512 1596 16 1755609871 -1
1903 process_1903 128 256 1838 16 1755609871 -1
1905 process_1905 128 512 1996 16 1755609871 -1
546 process_546 128 512 1645 32 1755609849 -1
1906 process_1906 128 256 1076 16 1755609871 -1
1908 process_1908 128 256 1398 16 1755609871 -1
1911 process_1911 128 256 1066 16 1755609871 -1
547 process_547 128 512 1988 32 1755609849 -1
548 process_548 128 256 1388 32 1755609849 -1
1913 process_1913 128 512 1929 16 1755609871 -1
1914 process_1914 128 256 1515 16 1755609871 -1
549 process_549 128 256 1270 32 1755609849 -1
1915 process_1915 128 512 1684 16 1755609871 -1
1917 process_1917 128 256 1596 16 1755609871 -1
1919 process_1919 128 256 1065 16 1755609872 -1
1921 process_1921 128 512 1858 16 1755609872 -1
1922 process_1922 128 256 1319 16 1755609872 -1
1924 process_1924 128 256 1960 16 1755609872 -1
153 process_153 128 256 1785 48 1755609843 -1
1927 process_1927 128 512 1054 16 1755609872 -1
1928 process_1928 128 256 1085 16 1755609872 -1
553 process_553 128 256 1505 32 1755609849 -1
1932 process_1932 128 256 1916 16 1755609872 -1
1933 process_1933 128 512 1692 16 1755609872 -1
554 process_554 128 256 1875 32 1755609849 -1
556 process_556 128 256 1535 32 1755609849 -1
1935 process_1935 128 512 1949 16 1755609872 -1
155 process_155 128 256 1692 48 1755609843 -1
1938 process_1938 128 512 1739 16 1755609872 -1
1942 process_1942 128 256 1759 16 1755609872 -1
1943 process_1943 128 256 1295 16 1755609872 -1
1944 process_1944 128 512 1485 16 1755609872 -1
558 process_558 128 256 1404 32 1755609849 -1
1947 process_1947 128 512 1429 16 1755609872 -1
1950 process_1950 128 512 1340 16 1755609872 -1
559 process_559 128 256 1791 32 1755609849 -1
1952 process_1952 128 256 1016 16 1755609872 -1
561 process_561 128 256 1293 32 1755609849 -1
1953 process_1953 128 256 1715 16 1755609872 -1
1956 process_1956 128 256 1097 16 1755609872 -1
562 process_562 128 256 1578 32 1755609849 -1
1959 process_1959 128 256 1852 16 1755609872 -1
1961 process_1961 128 1024 1781 16 1755609872 -1
1962 process_1962 128 512 1152 16 1755609872 -1
563 process_563 128 256 1301 32 1755609849 -1
564 process_564 128 256 1063 32 1755609849 -1
1963 process_1963 128 256 1024 16 1755609872 -1
1965 process_1965 128 512 1927 16 1755609872 -1
1966 process_1966 128 256 1958 16 1755609872 -1
1969 process_1969 128 256 1675 16 1755609872 -1
9 process_9 128 256 1268 80 1755609840 -1
1970 process_1970 128 256 1000 16 1755609872 -1
1973 process_1973 128 256 1688 16 1755609872 -1
1974 process_1974 128 256 1141 16 1755609872 -1
1976 process_1976 128 256 1809 16 1755609873 -1
1977 process_1977 128 256 1445 16 1755609873 -1
1978 process_1978 128 256 1942 16 1755609873 -1
567 process_567 128 256 1406 32 1755609849 -1
159 process_159 128 256 1486 48 1755609843 -1
1980 process_1980 128 256 1280 16 1755609873 -1
1981 process_1981 128 256 1868 16 1755609873 -1
1983 process_1983 128 256 1624 16 1755609873 -1
1986 process_1986 128 512 1975 16 1755609873 -1
1987 process_1987 128 512 1874 16 1755609873 -1
571 process_571 128 256 1730 32 1755609849 -1
1988 process_1988 128 256 1912 16 1755609873 -1
1991 process_1991 128 256 1796 16 1755609873 -1
1993 process_1993 128 256 1833 16 1755609873 -1
1995 process_1995 128 512 1157 16 1755609873 -1
1997 process_1997 128 256 1725 16 1755609873 -1
1999 process_1999 128 256 1670 16 1755609873 -1
572 process_572 128 256 1796 32 1755609849 -1
575 process_575 128 512 1264 32 1755609849 -1
2000 process_2000 128 256 1344 16 1755609873 -1
2003 process_2003 128 256 1161 16 1755609873 -1
2004 process_2004 128 256 1828 16 1755609873 -1
580 process_580 128 256 1160 32 1755609849 -1
2006 process_2006 128 256 1607 16 1755609873 -1
2007 process_2007 128 512 1200 16 1755609873 -1
581 process_581 128 512 1419 32 1755609849 -1
2008 process_2008 128 512 1318 16 1755609873 -1
2013 process_2013 128 256 1265 16 1755609873 -1
2016 process_2016 128 256 1142 16 1755609873 -1
584 process_584 128 512 1519 32 1755609849 -1
2018 process_2018 128 256 1624 16 1755609873 -1
2020 process_2020 128 256 1008 16 1755609873 -1
2022 process_2022 128 256 1612 16 1755609873 -1
2024 process_2024 128 256 1444 16 1755609873 -1
586 process_586 128 256 1849 32 1755609849 -1
2029 process_2029 128 256 1576 16 1755609874 -1
2030 process_2030 128 512 1307 16 1755609874 -1
2032 process_2032 128 512 1132 16 1755609874 -1
2034 process_2034 128 256 1433 16 1755609874 -1
2036 process_2036 128 256 1519 16 1755609874 -1
164 process_164 128 256 1982 48 1755609843 -1
2037 process_2037 128 256 1430 16 1755609874 -1
165 process_165 128 256 1385 48 1755609843 -1
2038 process_2038 128 512 1672 16 1755609874 -1
2039 process_2039 128 256 1059 16 1755609874 -1
2042 process_2042 128 256 1517 16 1755609874 -1
590 process_590 128 512 1371 32 1755609850 -1
591 process_591 128 256 1409 32 1755609850 -1
2043 process_2043 128 256 1788 16 1755609874 -1
2045 process_2045 128 256 1984 16 1755609874 -1
2049 process_2049 128 256 1786 16 1755609874 -1
2053 process_2053 128 512 1548 16 1755609874 -1
2055 process_2055 128 1024 1049 16 1755609874 -1
2056 process_2056 128 256 1617 16 1755609874 -1
2059 process_2059 128 256 1972 16 1755609874 -1
2061 process_2061 128 256 1418 16 1755609874 -1
2063 process_2063 128 256 1177 16 1755609874 -1
2064 process_2064 128 512 1983 16 1755609874 -1
595 process_595 128 512 1365 32 1755609850 -1
2067 process_2067 128 256 1254 16 1755609874 -1
2069 process_2069 128 1024 1158 16 1755609874 -1
597 process_597 128 256 1218 32 1755609850 -1
2070 process_2070 128 512 1045 16 1755609874 -1
2072 process_2072 128 256 1994 16 1755609874 -1
2073 process_2073 128 256 1787 16 1755609874 -1
598 process_598 128 256 1331 32 1755609850 -1
2077 process_2077 128 512 1810 16 1755609874 -1
2078 process_2078 128 256 1141 16 1755609874 -1
167 process_167 128 256 1028 48 1755609843 -1
2080 process_2080 128 512 1018 16 1755609874 -1
2081 process_2081 128 256 1753 16 1755609874 -1
2083 process_2083 128 1024 1322 16 1755609875 -1
2084 process_2084 128 256 1499 16 1755609875 -1
2087 process_2087 128 512 1009 16 1755609875 -1
601 process_601 128 256 1833 32 1755609850 -1
2089 process_2089 128 256 1262 16 1755609875 -1
2091 process_2091 128 512 1719 16 1755609875 -1
2093 process_2093 128 256 1741 16 1755609875 -1
41 process_41 128 256 1311 64 1755609841 -1
2094 process_2094 128 256 1954 16 1755609875 -1
2097 process_2097 128 512 1593 16 1755609875 -1
2098 process_2098 128 1024 1888 16 1755609875 -1
604 process_604 128 256 1493 32 1755609850 -1
2100 process_2100 128 256 1633 16 1755609875 -1
2102 process_2102 128 512 1311 16 1755609875 -1
605 process_605 128 256 1465 32 1755609850 -1
2105 process_2105 128 256 1757 16 1755609875 -1
168 process_168 128 256 1878 48 1755609843 -1
2106 process_2106 128 256 1013 16 1755609875 -1
2109 process_2109 128 512 1782 16 1755609875 -1
606 process_606 128 256 1907 32 1755609850 -1
2111 process_2111 128 1024 1795 16 1755609875 -1
2112 process_2112 128 256 1618 16 1755609875 -1
607 process_607 128 256 1699 32 1755609850 -1
2115 process_2115 128 512 1182 16 1755609875 -1
2116 process_2116 128 512 1045 16 1755609875 -1
2119 process_2119 128 256 1276 16 1755609875 -1
2120 process_2120 128 256 1004 16 1755609875 -1
2121 process_2121 128 256 1135 16 1755609875 -1
2124 process_2124 128 512 1640 16 1755609875 -1
609 process_609 128 256 1375 32 1755609850 -1
2126 process_2126 128 1024 1476 16 1755609875 -1
2128 process_2128 128 256 1511 16 1755609875 -1
611 process_611 128 256 1242 32 1755609850 -1
2129 process_2129 128 256 1121 16 1755609875 -1
2130 process_2130 128 512 1258 16 1755609875 -1
612 process_612 128 256 1864 32 1755609850 -1
2133 process_2133 128 256 1697 16 1755609875 -1
2134 process_2134 128 512 1320 16 1755609875 -1
2137 process_2137 128 256 1900 16 1755609875 -1
2138 process_2138 128 512 1888 16 1755609875 -1
170 process_170 128 256 1903 48 1755609843 -1
2139 process_2139 128 256 1256 16 1755609875 -1
614 process_614 128 256 1880 32 1755609850 -1
2140 process_2140 128 512 1239 16 1755609875 -1
2141 process_2141 128 256 1802 16 1755609875 -1
616 process_616 128 256 1630 32 1755609850 -1
2143 process_2143 128 256 1329 16 1755609875 -1
2146 process_2146 128 512 1144 16 1755609876 -1
2147 process_2147 128 256 1013 16 1755609876 -1
2152 process_2152 128 1024 1943 16 1755609876 -1
617 process_617 128 512 1830 32 1755609850 -1
171 process_171 128 256 1854 48 1755609843 -1
2154 process_2154 128 512 1554 16 1755609876 -1
2155 process_2155 128 256 1610 16 1755609876 -1
2157 process_2157 128 256 1591 16 1755609876 -1
2158 process_2158 128 256 1707 16 1755609876 -1
618 process_618 128 256 1568 32 1755609850 -1
2162 process_2162 128 512 1840 16 1755609876 -1
2164 process_2164 128 1024 1185 16 1755609876 -1
173 process_173 128 256 1248 48 1755609843 -1
2165 process_2165 128 512 1995 16 1755609876 -1
622 process_622 128 256 1875 32 1755609850 -1
2167 process_2167 128 256 1400 16 1755609876 -1
2169 process_2169 128 256 1424 16 1755609876 -1
2174 process_2174 128 256 1277 16 1755609876 -1
2175 process_2175 128 256 1524 16 1755609876 -1
2176 process_2176 128 256 1381 16 1755609876 -1
2177 process_2177 128 256 1595 16 1755609876 -1
2178 process_2178 128 256 1191 16 1755609876 -1
624 process_624 128 256 1732 32 1755609850 -1
2179 process_2179 128 512 1196 16 1755609876 -1
2180 process_2180 128 512 1050 16 1755609876 -1
2181 process_2181 128 256 1308 16 1755609876 -1
627 process_627 128 256 1747 32 1755609850 -1
2182 process_2182 128 256 1358 16 1755609876 -1
628 process_628 128 512 1125 32 1755609850 -1
629 process_629 128 256 1961 32 1755609850 -1
2183 process_2183 128 256 1104 16 1755609876 -1
2184 process_2184 128 256 1264 16 1755609876 -1
2185 process_2185 128 256 1511 16 1755609876 -1
2188 process_2188 128 512 1805 16 1755609876 -1
176 process_176 128 256 1305 48 1755609843 -1
2191 process_2191 128 256 1968 16 1755609876 -1
2193 process_2193 128 512 1307 16 1755609876 -1
2194 process_2194 128 256 1630 16 1755609876 -1
2195 process_2195 128 256 1808 16 1755609876 -1
631 process_631 128 256 1966 32 1755609850 -1
2198 process_2198 128 256 1670 16 1755609876 -1
633 process_633 128 512 1100 32 1755609850 -1
2201 process_2201 128 256 1243 16 1755609877 -1
2202 process_2202 128 256 1690 16 1755609877 -1
2203 process_2203 128 256 1410 16 1755609877 -1
2205 process_2205 128 256 1020 16 1755609877 -1
2207 process_2207 128 256 1030 16 1755609877 -1
2209 process_2209 128 512 1376 16 1755609877 -1
177 process_177 128 256 1497 48 1755609843 -1
2210 process_2210 128 256 1708 16 1755609877 -1
2211 process_2211 128 256 1564 16 1755609877 -1
2214 process_2214 128 256 1546 16 1755609877 -1
637 process_637 128 256 1925 32 1755609850 -1
639 process_639 128 256 1393 32 1755609850 -1
2216 process_2216 128 256 1453 16 1755609877 -1
2218 process_2218 128 512 1699 16 1755609877 -1
2222 process_2222 128 256 1885 16 1755609877 -1
2223 process_2223 128 256 1369 16 1755609877 -1
2224 process_2224 128 256 1867 16 1755609877 -1
2226 process_2226 128 256 1138 16 1755609877 -1
640 process_640 128 256 1382 32 1755609850 -1
2228 process_2228 128 512 1480 16 1755609877 -1
2230 process_2230 128 512 1743 16 1755609877 -1
2232 process_2232 128 256 1943 16 1755609877 -1
2234 process_2234 128 256 1285 16 1755609877 -1
45 process_45 128 256 1178 64 1755609841 -1
180 process_180 128 256 1776 48 1755609843 -1
2235 process_2235 128 256 1994 16 1755609877 -1
647 process_647 128 256 1199 32 1755609850 -1
2237 process_2237 128 256 1519 16 1755609877 -1
2241 process_2241 128 256 1621 16 1755609877 -1
2242 process_2242 128 512 1514 16 1755609877 -1
2243 process_2243 128 256 1569 16 1755609877 -1
2244 process_2244 128 256 1342 16 1755609878 -1
2245 process_2245 128 256 1404 16 1755609878 -1
648 process_648 128 512 1177 32 1755609850 -1
2248 process_2248 128 512 1570 16 1755609878 -1
649 process_649 128 256 1710 32 1755609850 -1
2249 process_2249 128 512 1153 16 1755609878 -1
650 process_650 128 256 1738 32 1755609850 -1
2253 process_2253 128 256 1605 16 1755609878 -1
181 process_181 128 256 1955 48 1755609843 -1
2254 process_2254 128 256 1282 16 1755609878 -1
2257 process_2257 128 256 1907 16 1755609878 -1
2261 process_2261 128 512 1017 16 1755609878 -1
2262 process_2262 128 256 1835 16 1755609878 -1
2266 process_2266 128 512 1520 16 1755609878 -1
654 process_654 128 512 1619 32 1755609851 -1
2267 process_2267 128 512 1303 16 1755609878 -1
655 process_655 128 256 1787 32 1755609851 -1
2268 process_2268 128 512 1304 16 1755609878 -1
2270 process_2270 128 256 1697 16 1755609878 -1
2272 process_2272 128 256 1788 16 1755609878 -1
2273 process_2273 128 256 1455 16 1755609878 -1
182 process_182 128 256 1197 48 1755609843 -1
2276 process_2276 128 256 1290 16 1755609878 -1
2280 process_2280 128 256 1432 16 1755609878 -1
2281 process_2281 128 512 1480 16 1755609878 -1
2282 process_2282 128 256 1109 16 1755609878 -1
659 process_659 128 512 1726 32 1755609851 -1
2284 process_2284 128 512 1701 16 1755609878 -1
660 process_660 128 512 1070 32 1755609851 -1
2285 process_2285 128 256 1568 16 1755609878 -1
2289 process_2289 128 256 1287 16 1755609878 -1
2290 process_2290 128 1024 1963 16 1755609878 -1
661 process_661 128 512 1266 32 1755609851 -1
2293 process_2293 128 256 1937 16 1755609878 -1
183 process_183 128 256 1381 48 1755609843 -1
2297 process_2297 128 512 1638 16 1755609879 -1
2298 process_2298 128 512 1017 16 1755609879 -1
2299 process_2299 128 512 1466 16 1755609879 -1
662 process_662 128 256 1289 32 1755609851 -1
2302 process_2302 128 256 1692 16 1755609879 -1
2304 process_2304 128 512 1307 16 1755609879 -1
664 process_664 128 256 1762 32 1755609851 -1
2305 process_2305 128 256 1240 16 1755609879 -1
2306 process_2306 128 512 1565 16 1755609879 -1
665 process_665 128 256 1120 32 1755609851 -1
2307 process_2307 128 256 1328 16 1755609879 -1
2310 process_2310 128 512 1642 16 1755609879 -1
