0 process_0 64 128 1000 4 1732873851 -1
13 process_13 64 128 1000 4 1732873851 -1
14 process_14 64 128 1000 4 1732873851 -1
2 process_2 64 128 1000 8 1732873851 -1
15 process_15 64 128 1000 4 1732873851 -1
16 process_16 64 128 1000 4 1732873851 -1
17 process_17 64 128 1000 4 1732873851 -1
18 process_18 64 128 1000 4 1732873851 -1
19 process_19 64 128 1000 4 1732873851 -1
3 process_3 64 128 1000 8 1732873851 -1
20 process_20 64 128 1000 4 1732873851 -1
21 process_21 64 128 1000 4 1732873851 -1
22 process_22 64 128 1000 4 1732873851 -1
23 process_23 64 128 1000 4 1732873851 -1
24 process_24 64 128 1000 4 1732873851 -1
25 process_25 64 128 1000 4 1732873851 -1
4 process_4 64 128 1000 8 1732873851 -1
26 process_26 64 128 1000 4 1732873851 -1
27 process_27 64 128 1000 4 1732873851 -1
28 process_28 64 128 1000 4 1732873851 -1
29 process_29 64 128 1000 4 1732873851 -1
30 process_30 64 128 1000 4 1732873851 -1
31 process_31 64 128 1000 4 1732873851 -1
5 process_5 64 128 1000 8 1732873851 -1
32 process_32 64 128 1000 4 1732873851 -1
33 process_33 64 128 1000 4 1732873851 -1
34 process_34 64 128 1000 4 1732873851 -1
35 process_35 64 128 1000 4 1732873851 -1
36 process_36 64 128 1000 4 1732873851 -1
6 process_6 64 128 1000 8 1732873851 -1
37 process_37 64 128 1000 4 1732873851 -1
38 process_38 64 128 1000 4 1732873851 -1
39 process_39 64 128 1000 4 1732873851 -1
40 process_40 64 128 1000 4 1732873851 -1
41 process_41 64 128 1000 4 1732873851 -1
7 process_7 64 128 1000 8 1732873851 -1
42 process_42 64 128 1000 4 1732873851 -1
43 process_43 64 128 1000 4 1732873851 -1
44 process_44 64 128 1000 4 1732873851 -1
45 process_45 64 128 1000 4 1732873851 -1
46 process_46 64 128 1000 4 1732873851 -1
8 process_8 64 128 1000 8 1732873851 -1
47 process_47 64 128 1000 4 1732873851 -1
9 process_9 64 128 1000 8 1732873851 -1
48 process_48 64 128 1000 4 1732873852 -1
49 process_49 64 128 1000 4 1732873852 -1
1 process_1 64 128 1000 12 1732873851 -1
50 process_50 64 128 1000 4 1732873852 -1
51 process_51 64 128 1000 4 1732873852 -1
52 process_52 64 128 1000 4 1732873852 -1
53 process_53 64 128 1000 4 1732873852 -1
54 process_54 64 128 1000 4 1732873852 -1
10 process_10 64 128 1000 8 1732873851 -1
55 process_55 64 128 1000 4 1732873852 -1
56 process_56 64 128 1000 4 1732873852 -1
57 process_57 64 128 1000 4 1732873852 -1
58 process_58 64 128 1000 4 1732873852 -1
59 process_59 64 128 1000 4 1732873852 -1
11 process_11 64 128 1000 8 1732873851 -1
60 process_60 64 128 1000 4 1732873852 -1
61 process_61 64 128 1000 4 1732873852 -1
62 process_62 64 128 1000 4 1732873852 -1
63 process_63 64 128 1000 4 1732873852 -1
64 process_64 64 128 1000 4 1732873852 -1
12 process_12 64 128 1000 8 1732873851 -1
65 process_65 64 128 1000 4 1732873852 -1
66 process_66 64 128 1000 4 1732873852 -1
